[0|0|"][0|0|W][0|0|e][0|0|l][1|1|,][0|0| ][0|0|P][0|0|r][0|0|i][0|0|n][0|0|c][10|1|,][8|1|s][0|0|o][3|1|G][7|1|n][5|1|a][6|1|a][5|1|d][4|1|L][0|0|u][19|1|c][10|3|r][17|1| ][18|2|w][4|1|j][14|1|s][0|0|t][5|1|f][14|1|m][41|1|l][0|0|y][7|1|e][11|2|a][2|1|e][5|1| ][23|1|f][3|1|t][0|0|h][8|1|
][0|0|B][27|1|o][34|1|a][0|0|p][41|2|t][19|2|.][17|1|B][13|1|t][4|1|I][2|1|w][14|2|n][5|1|y][23|1|u][83|2|i][36|2|y][8|2| ][79|1|o][16|1|'][25|2|t][34|1|l][1|1| ][67|1|e][54|3|a][13|3|h][28|1|s][13|3|a][25|1|s][47|4|,][71|1|i][42|6|s][24|1|i][37|3|t][17|1|y][4|2|o][55|2|e][21|1|e][32|1|d][43|3|e][73|2|n][11|1|a][46|1|i][99|2| ][49|2|d][4|1|h][27|1|r][1|1|o][2|1|s][8|1|p][16|1|r][3|2|t][4|1|a][89|2|d][12|1|b][50|3|h][10|2|
][0|0|A][32|1|t][39|1|c][9|1|r][93|2|t][0|0|-][1|1|I][19|1|r][97|2|l][1|1|y][29|2|e][5|1|i][3|1|v][70|2|h][73|3|s][3|1|A][35|13|w][8|1|l][1|1| ][58|2|v][27|2|n][84|1|t][8|1|i][5|1|g][8|1|m][92|2|e][72|1|t][5|1| ][85|1|o][29|3|t][19|1| ][64|1|o][0|0|u][4|1|a][24|1|d][8|6|r][40|4| ][50|1|o][40|2|e][11|1| ][42|1|y][3|1|f][72|2|e][28|2|,][21|14|'][22|1|a][57|3|f][47|1|l][71|1|s][3|1|a][90|2|,][16|1| ][6|1|s][63|5|c][8|1|l][1|1| ][9|3|r][15|1|e][8|1|f][0|0|!][10|1|B][9|1|t][4|1|h][14|1|w][4|1|d][61|2|y][30|3|d][4|1|?][4|1|I][2|1|s][27|1|e][6|3|h][56|3| ][93|3|g][9|1|t][96|2|e][26|1|
][32|3|-][1|1|s][86|2| ][37|2|w][16|1| ][29|1|n][7|1| ][24|2|l][76|2|m][37|2|a][7|3|t][38|1|e][4|1|n][3|1|w][32|1|.][0|0|"][41|1|
][60|1|t][11|1|w][20|1|s][4|1|i][38|2|J][51|1|l][55|1|,][6|1|1][0|0|8][0|0|0][0|0|5][6|2|a][50|4|h][38|2|s][0|0|p][4|1|a][0|0|k][3|1|r][35|5|t][16|3|w][70|3|-][17|1|n][85|4|A][3|1|n][21|1| ][0|0|P][3|1|v][16|1|o][3|1|n][6|1|
][0|0|S][0|0|c][30|2|r][2|2|,][99|2|a][75|1|d][5|1|o][0|0|f][3|1|h][4|1|n][2|1|r][72|5|f][36|2|o][10|1|i][62|1|e][22|4|t][68|3|E][35|1|p][42|2|s][80|2|M][24|1|r][0|0|y][66|2|F][11|1|d][30|2|o][67|3|.][11|1|W][37|2|h][73|1|t][34|2|s][36|2|w][20|2|d][34|2|s][46|3|g][44|2|e][60|2|d][8|1|P][67|2|n][100|1|e][7|1|V][40|1|s][8|1|l][2|1| ][0|0|K][0|0|u][15|1|a][26|1|i][17|1|,][97|2| ][78|1|a][7|1| ][90|3|h][14|1|g][3|1| ][21|2|n][0|0|k][19|2|n][46|1|
][13|1|m][100|1|o][13|1|t][10|2|c][50|1|,][76|2|h][11|1| ][4|1|a][78|2|t][78|3|f][25|1|r][9|1|t][10|2|o][37|2|r][80|2|v][16|2|a][13|2|h][6|1|r][56|2|e][41|2|p][11|1|i][23|1|n][0|0|.][11|1|A][4|1|n][84|2|P][3|1|v][0|0|l][13|1|v][9|2|
][29|1|a][76|1| ][4|4|a][2|1|c][16|1|u][97|3|f][86|2| ][65|1|o][93|1|e][5|1|d][18|1|y][8|1|.][6|1|S][83|3|w][91|2|,][32|2|s][23|2|h][12|2|s][8|1|i][25|1|,][6|2|u][39|1|f][85|2|i][63|1|g][47|2|r][44|2| ][74|1|a][71|1|g][14|2|p][1|1|e][0|0|;][11|1|g][8|5| ][0|0|b][3|1|i][29|3|t][49|2|n][89|3|n][6|1|w][68|2|o][25|1|d][5|1|i][14|2|S][20|1|.][4|1|P][16|1|t][61|2|s][35|1|u][4|1|g][74|2|u][8|1|e][24|2|o][24|1|l][0|0|y][51|2|y][48|4|
][2|1|l][38|1|t][4|1|.][7|1|
][0|0|A][8|1|l][16|1|h][39|2| ][52|2|v][17|2|a][2|1|i][36|2|s][69|2|i][34|2|o][50|1|t][8|1|e][0|0|x][0|0|c][3|1|p][19|4|,][19|2|r][20|2|t][13|1|n][91|4|F][11|1|e][5|1|c][32|1|,][8|1|a][6|1|d][4|1|d][71|3|v][62|2|e][8|1|
][87|3|a][2|1|s][24|1|a][12|1|l][13|1|t][0|0|-][21|5|i][22|2| ][0|0|f][60|1|o][14|1|m][41|2| ][80|2|a][79|2|m][12|1|r][10|1|i][2|1|g][58|2|r][18|3|a][44|1| ][29|2|l][1|1|o][89|1|s][0|0|:][60|1|
][0|0|"][0|0|I][12|1| ][64|1|o][0|0|u][4|1|h][22|1|v][53|1| ][28|1|o][46|2|i][39|2| ][82|1|e][8|1|t][70|2| ][4|1|o][3|1|d][3|1|,][4|1|C][31|2|n][67|2|(][67|2| ][0|0|P][90|2|n][0|0|c][25|1|)][19|2|a][7|1|d][4|1|i][57|2|t][46|1|e][65|1|p][20|1|o][72|1|p][7|1|c][33|2|o][16|2|s][9|2|n][25|1|i][65|3|a][4|1| ][10|1|v][12|2|i][11|3|w][5|1|t][38|1| ][16|1| ][26|1|o][64|3|i][16|1|v][10|1|l][5|1|d][8|2|s][3|1|n][15|1|t][96|3|o][4|2|e][23|1|r][15|1|b][21|1|e][84|1|
][0|0|I][63|2|h][30|2|l][6|1|b][12|1| ][59|2|r][0|0|y][5|1|c][14|2|r][0|0|m][9|1|d][38|3| ][25|1|e][20|2|y][7|1|u][11|3|n][44|1|g][23|1|t][35|3|t][87|1|e][95|2| ][0|0|7][89|2|n][33|2|1][0|0|0][0|0|-][1|1|A][8|1|n][20|2|t][3|1|
][0|0|S][54|2|e][54|1|e][2|1|.][0|0|"][22|1|f][27|1|v][46|1|r][46|1|t][19|2|
]